48424 	33.50 	237.07727 	239.07727 	 -187.3 	1.85E-04 	  124.7 	xxx 	xxx 	xxx 	0.810 	0.003 	 2.48 	 1.74 	0.852
48424 	34.50 	241.59282 	243.59282 	 -228.0 	1.80E-04 	  125.2 	xxx 	xxx 	xxx 	0.787 	0.002 	 2.60 	 1.74 	0.853
48424 	35.50 	247.15045 	249.15045 	 -239.6 	1.88E-04 	  126.5 	xxx 	xxx 	xxx 	0.763 	0.003 	 2.74 	 1.84 	0.855
48424 	36.50 	251.66602 	253.66602 	 -250.2 	2.06E-04 	  130.9 	xxx 	xxx 	xxx 	0.738 	0.003 	 2.86 	 1.86 	0.857
48424 	37.50 	257.22363 	259.22363 	 -244.8 	1.49E-04 	  134.1 	xxx 	xxx 	xxx 	0.711 	0.003 	 3.00 	 1.92 	0.858
48424 	38.50 	262.43390 	264.43390 	 -242.7 	1.12E-04 	  131.6 	xxx 	xxx 	xxx 	0.682 	0.004 	 3.14 	 1.96 	0.860
48424 	39.50 	267.29681 	269.29681 	 -254.5 	1.33E-04 	  110.9 	xxx 	xxx 	xxx 	0.649 	0.005 	 3.32 	 2.02 	0.863
48424 	40.50 	272.15973 	274.15973 	 -258.3 	1.07E-04 	  104.0 	xxx 	xxx 	xxx 	0.611 	0.006 	 3.54 	 2.08 	0.865
48424 	41.50 	277.36996 	279.36996 	 -250.9 	7.70E-05 	  106.8 	xxx 	xxx 	xxx 	0.561 	0.009 	 3.86 	 2.14 	0.868
48424 	42.50 	282.23291 	284.23291 	 -280.4 	5.41E-05 	  104.6 	xxx 	xxx 	xxx 	0.491 	0.015 	 4.40 	 2.14 	0.872
48425 	33.50 	237.07727 	239.07727 	 -304.7 	1.01E-04 	  158.9 	xxx 	xxx 	xxx 	0.812 	0.003 	 4.26 	 1.72 	0.844
48425 	34.50 	241.94017 	243.94017 	 -339.1 	7.94E-05 	  173.5 	xxx 	xxx 	xxx 	0.789 	0.003 	 4.48 	 1.76 	0.845
48425 	35.50 	247.15045 	249.15045 	 -372.0 	8.12E-05 	  164.3 	xxx 	xxx 	xxx 	0.767 	0.004 	 4.70 	 1.80 	0.846
48425 	36.50 	252.01337 	254.01337 	 -379.1 	9.16E-05 	  163.5 	xxx 	xxx 	xxx 	0.743 	0.005 	 4.94 	 1.84 	0.848
48425 	37.50 	257.22363 	259.22363 	 -380.3 	5.01E-05 	  174.8 	xxx 	xxx 	xxx 	0.718 	0.007 	 5.18 	 1.90 	0.849
48425 	38.50 	262.08655 	264.08655 	 -387.0 	3.15E-05 	  183.4 	xxx 	xxx 	xxx 	0.690 	0.009 	 5.44 	 1.92 	0.851
48425 	39.50 	267.29681 	269.29681 	 -368.3 	3.16E-05 	  166.2 	xxx 	xxx 	xxx 	0.661 	0.012 	 5.74 	 1.96 	0.852
48425 	40.50 	272.15973 	274.15973 	 -382.8 	2.38E-05 	  167.1 	xxx 	xxx 	xxx 	0.627 	0.016 	 6.06 	 2.00 	0.854
48425 	41.50 	277.36996 	279.36996 	 -384.6 	1.08E-05 	  151.2 	xxx 	xxx 	xxx 	0.586 	0.023 	 6.46 	 2.00 	0.856
48425 	42.50 	282.23291 	284.23291 	 -401.3 	5.83E-06 	  141.5 	xxx 	xxx 	xxx 	0.535 	0.037 	 6.98 	 1.94 	0.859
48426 	33.50 	237.07727 	239.07727 	 -348.0 	5.22E-05 	  197.2 	xxx 	xxx 	xxx 	0.814 	0.004 	 5.14 	 1.70 	0.840
48426 	34.50 	242.28752 	244.28752 	 -407.8 	4.04E-05 	  205.0 	xxx 	xxx 	xxx 	0.793 	0.005 	 5.40 	 1.74 	0.841
48426 	35.50 	246.80310 	248.80310 	 -411.8 	4.86E-05 	  173.0 	xxx 	xxx 	xxx 	0.771 	0.007 	 5.68 	 1.78 	0.842
48426 	36.50 	252.01337 	254.01337 	 -424.0 	4.84E-05 	  200.3 	xxx 	xxx 	xxx 	0.748 	0.009 	 5.96 	 1.82 	0.843
48426 	37.50 	257.22363 	259.22363 	 -414.5 	2.28E-05 	  221.6 	xxx 	xxx 	xxx 	0.724 	0.011 	 6.24 	 1.86 	0.845
48426 	38.50 	262.08655 	264.08655 	 -427.0 	1.40E-05 	  216.6 	xxx 	xxx 	xxx 	0.698 	0.013 	 6.56 	 1.88 	0.846
48426 	39.50 	267.29681 	269.29681 	 -448.0 	1.20E-05 	  200.4 	xxx 	xxx 	xxx 	0.671 	0.017 	 6.90 	 1.90 	0.847
48426 	40.50 	271.81238 	273.81238 	 -453.8 	8.55E-06 	  203.2 	xxx 	xxx 	xxx 	0.640 	0.022 	 7.26 	 1.92 	0.849
48426 	41.50 	277.02261 	279.02261 	 -439.3 	3.74E-06 	  198.6 	xxx 	xxx 	xxx 	0.604 	0.029 	 7.68 	 1.92 	0.850
48426 	42.50 	282.23291 	284.23291 	 -480.8 	2.26E-06 	  181.9 	xxx 	xxx 	xxx 	0.563 	0.042 	 8.20 	 1.84 	0.852
48427 	33.50 	237.42462 	239.42462 	 -351.8 	2.71E-05 	  249.1 	xxx 	xxx 	xxx 	0.818 	0.007 	 6.02 	 1.70 	0.836
48427 	34.50 	242.28752 	244.28752 	 -452.6 	2.21E-05 	  199.9 	xxx 	xxx 	xxx 	0.797 	0.008 	 6.32 	 1.70 	0.837
48427 	35.50 	246.80310 	248.80310 	 -406.7 	2.23E-05 	  215.9 	xxx 	xxx 	xxx 	0.776 	0.010 	 6.64 	 1.74 	0.838
48427 	36.50 	252.36072 	254.36072 	 -463.5 	2.35E-05 	  224.9 	xxx 	xxx 	xxx 	0.755 	0.012 	 6.96 	 1.76 	0.839
48427 	37.50 	257.22363 	259.22363 	 -455.6 	1.23E-05 	  223.7 	xxx 	xxx 	xxx 	0.732 	0.015 	 7.28 	 1.80 	0.840
48427 	38.50 	262.08655 	264.08655 	 -498.4 	7.25E-06 	  207.0 	xxx 	xxx 	xxx 	0.709 	0.018 	 7.64 	 1.82 	0.841
48427 	39.50 	267.29681 	269.29681 	 -460.0 	4.42E-06 	  223.8 	xxx 	xxx 	xxx 	0.683 	0.022 	 8.00 	 1.82 	0.842
48427 	40.50 	272.15973 	274.15973 	 -452.1 	2.94E-06 	  216.6 	xxx 	xxx 	xxx 	0.656 	0.027 	 8.40 	 1.82 	0.844
48427 	41.50 	277.02261 	279.02261 	 -478.3 	1.54E-06 	  220.1 	xxx 	xxx 	xxx 	0.626 	0.035 	 8.84 	 1.80 	0.845
48428 	33.50 	237.07727 	239.07727 	 -392.8 	8.13E-06 	  275.1 	xxx 	xxx 	xxx 	0.830 	0.013 	 7.68 	 1.58 	0.827
48428 	34.50 	241.94017 	243.94017 	 -478.4 	4.47E-06 	  307.9 	xxx 	xxx 	xxx 	0.811 	0.016 	 8.06 	 1.62 	0.828
48428 	35.50 	246.80310 	248.80310 	 -472.2 	5.17E-06 	  295.3 	xxx 	xxx 	xxx 	0.793 	0.018 	 8.44 	 1.62 	0.829
48428 	36.50 	252.01337 	254.01337 	 -475.0 	4.50E-06 	  303.9 	xxx 	xxx 	xxx 	0.775 	0.021 	 8.82 	 1.62 	0.830
48428 	37.50 	257.57098 	259.57098 	 -487.6 	2.43E-06 	  354.7 	xxx 	xxx 	xxx 	0.756 	0.024 	 9.22 	 1.64 	0.831
